1186.8206003834507 668.9784439089563 541.1861239157197 456.1562868127087 345.8724176354452 225.40509151946915 140.85984990868758 75.31731760596837 42.73484731711993 30.1958888798973 22.855205587408932 16.27027291058764 15.646674099257229 10.061904116935798 7.487823982234793 6.207331729518613 4.33296257103998 0.9918235381677076 
668.9784439089563 837.430407784797 551.6762650792155 473.54324270336673 360.40770695198626 242.2321363074385 157.08026064890404 87.87152300582018 52.4272272414446 35.68915860628948 30.070917084282247 22.617652509095816 15.93112347066863 10.225765286157156 7.671065432641631 6.372496505088888 2.7610592955077995 0.060846780534264906 
541.1861239157197 551.6762650792155 526.8046806083919 413.4563841932795 306.35936272194743 209.49811543500644 133.6304703152223 71.7907744844939 40.38786526184216 29.727914416990163 26.20035915067237 21.063395723852 16.67738799030487 11.81233302768252 9.952833820551179 7.443240950744874 3.3292503600958363 -0.21166565272328874 
456.1562868127087 473.54324270336673 413.4563841932795 420.6893773888593 296.8248783260279 201.37073859035345 128.56641852000493 65.66542383529415 35.937587279190545 24.830144507606445 21.12807139416945 16.288446478568854 11.467777546768142 7.466098495795024 6.342617849542601 4.528525599902361 1.599888192032679 -0.6207756252921477 
345.8724176354452 360.40770695198626 306.35936272194743 296.8248783260279 244.80566576797827 164.5416572426866 108.46608674449556 57.74885519057692 33.06543168818591 23.364041723682572 19.403707615957238 15.92161541694155 12.183733188032587 9.02837852069305 7.149488545222435 5.326678606640496 2.7099189919829856 0.4856594529535644 
225.40509151946915 242.2321363074385 209.49811543500644 201.37073859035345 164.5416572426866 124.06589220218926 80.9953604580402 42.61250775864525 23.96765473855055 17.121301701096048 14.490303780901892 11.991609171665916 8.709776821437782 6.408229364112752 5.474144496524318 3.901432920311812 2.0374764929749913 0.5272570971417029 
140.85984990868758 157.08026064890404 133.6304703152223 128.56641852000493 108.46608674449556 80.9953604580402 63.137974911290684 35.01090304385743 20.632520814571066 14.827517494221246 12.116602102400714 10.419223524697633 7.669403114586618 5.8215046600165135 4.830802152422762 3.5367084202422983 2.0490561031516616 0.7905175863359377 
75.31731760596837 87.87152300582018 71.7907744844939 65.66542383529415 57.74885519057692 42.61250775864525 35.01090304385743 23.971030949033505 14.593164466282733 10.732859569043413 9.120016484604928 7.955429504691174 6.227385712736819 4.8877144455805785 3.9373292861401454 3.0334691112851457 1.9162502389136566 1.0552523389403798 
42.73484731711993 52.4272272414446 40.38786526184216 35.937587279190545 33.06543168818591 23.96765473855055 20.632520814571066 14.593164466282733 12.211808754427935 8.883307542601994 7.479345791399871 6.607047690444481 5.121992466855133 4.25040161957011 3.503309480979014 2.695887516486494 1.777180968650819 1.091971100931444 
30.1958888798973 35.68915860628948 29.727914416990163 24.830144507606445 23.364041723682572 17.121301701096048 14.827517494221246 10.732859569043413 8.883307542601994 8.689787293153744 6.994528943155082 6.135444142838286 4.7335871822832685 3.9807199497929915 3.212711394820686 2.3643030356794568 1.513156661420809 0.9708189807832558 
22.855205587408932 30.070917084282247 26.20035915067237 21.12807139416945 19.403707615957238 14.490303780901892 12.116602102400714 9.120016484604928 7.479345791399871 6.994528943155082 7.107963566384156 6.073456424349838 4.569988330777678 3.864397285523773 3.138357023142773 2.448583935392213 1.659632409328862 1.180558595025674 
16.27027291058764 22.617652509095816 21.063395723852 16.288446478568854 15.92161541694155 11.991609171665916 10.419223524697633 7.955429504691174 6.607047690444481 6.135444142838286 6.073456424349838 6.151462177536571 4.7105743068829415 3.95383084897591 3.171326670150744 2.545877392877787 1.8450889762109868 1.2945624103616924 
15.646674099257229 15.93112347066863 16.67738799030487 11.467777546768142 12.183733188032587 8.709776821437782 7.669403114586618 6.227385712736819 5.121992466855133 4.7335871822832685 4.569988330777678 4.7105743068829415 4.346312257663457 3.6749564564056763 3.052288547150541 2.5152133236000105 1.8542466301874745 1.3278795048447325 
10.061904116935798 10.225765286157156 11.81233302768252 7.466098495795024 9.02837852069305 6.408229364112752 5.8215046600165135 4.8877144455805785 4.25040161957011 3.9807199497929915 3.864397285523773 3.95383084897591 3.6749564564056763 3.484624840451099 2.9585202271207742 2.4387459863200296 1.8261039221288429 1.3182803128872482 
7.487823982234793 7.671065432641631 9.952833820551179 6.342617849542601 7.149488545222435 5.474144496524318 4.830802152422762 3.9373292861401454 3.503309480979014 3.212711394820686 3.138357023142773 3.171326670150744 3.052288547150541 2.9585202271207742 2.983326621748293 2.537206307760111 1.9276958664201485 1.4286441889441925 
6.207331729518613 6.372496505088888 7.443240950744874 4.528525599902361 5.326678606640496 3.901432920311812 3.5367084202422983 3.0334691112851457 2.695887516486494 2.3643030356794568 2.448583935392213 2.545877392877787 2.5152133236000105 2.4387459863200296 2.537206307760111 2.5358934542212905 2.073166198039003 1.628586277041122 
4.33296257103998 2.7610592955077995 3.3292503600958363 1.599888192032679 2.7099189919829856 2.0374764929749913 2.0490561031516616 1.9162502389136566 1.777180968650819 1.513156661420809 1.659632409328862 1.8450889762109868 1.8542466301874745 1.8261039221288429 1.9276958664201485 2.073166198039003 2.128383709686585 1.8264887266836398 
0.9918235381677076 0.060846780534264906 -0.21166565272328874 -0.6207756252921477 0.4856594529535644 0.5272570971417029 0.7905175863359377 1.0552523389403798 1.091971100931444 0.9708189807832558 1.180558595025674 1.2945624103616924 1.3278795048447325 1.3182803128872482 1.4286441889441925 1.628586277041122 1.8264887266836398 2.0647705376425765 
