3339.3282460590535 1050.6193927490726 680.8805884573248 424.06543733687954 363.5656883123009 203.8396627955581 104.09538748548952 101.95959526011536 67.26651717481833 67.32583182335749 62.77255478956584 63.41729016704355 53.9714442310772 42.42428739920052 30.119925025867495 21.033071404913116 11.154152795840844 6.441310187643841 
1050.6193927490726 1569.7725922839727 670.4467213134574 479.63373319037873 387.3684859645335 215.05509158659976 111.58834722493725 82.60845518334699 54.11298316927193 48.247283275823115 42.77883330193196 41.0564179317735 34.75023755368069 24.320685484775744 19.83566786055913 16.04117256965843 8.42759998486057 1.286077205184027 
680.8805884573248 670.4467213134574 703.0333360454085 282.4234238923922 261.2493674973849 146.7023383989153 76.4866098564622 60.95113502250525 45.4802598452189 42.793377736930374 41.832497952963635 37.96700067657942 35.43571423721738 28.63358556231454 23.302247848091177 18.21983120004211 13.293747327627187 6.814268851255295 
424.06543733687954 479.63373319037873 282.4234238923922 398.48554140464637 233.25212580479788 147.2719475097592 83.02037377696517 57.191389544128405 42.212354566139425 39.65168823084748 35.87907303938839 31.99840862008426 29.259486441120913 21.164482580091526 16.81686142826443 12.535757878157733 8.741296997323182 5.286741263933126 
363.5656883123009 387.3684859645335 261.2493674973849 233.25212580479788 238.19352302675804 117.08341064830923 65.25085454555195 45.231146875325464 34.95922618292037 33.451252533207295 28.908813723330997 26.43989914094096 24.103271716849378 18.251376161836337 15.334725596802713 11.79632072041426 8.606031333683255 5.193372055029891 
203.8396627955581 215.05509158659976 146.7023383989153 147.2719475097592 117.08341064830923 101.82416707570326 50.88495293963949 34.962215307960236 27.926695488309555 24.83005221186167 22.44399972649271 20.112630642936846 18.478675247841302 14.450131184129319 11.500390969751257 8.980556429638664 7.076645976678575 4.756828136683444 
104.09538748548952 111.58834722493725 76.4866098564622 83.02037377696517 65.25085454555195 50.88495293963949 43.95138086878905 26.330526001509448 19.87314313113647 17.898973451709026 15.771529038571028 13.531900361431935 12.896679166246477 10.094890718518524 7.831035017206949 6.28477932746279 4.737980502080083 2.818258720714008 
101.95959526011536 82.60845518334699 60.95113502250525 57.191389544128405 45.231146875325464 34.962215307960236 26.330526001509448 26.221067887446385 15.876931865311244 14.750892583499795 12.619548117334203 11.30102096262661 10.43042693314101 8.77855766328774 6.951076141691516 5.542967815664029 4.034729175265812 2.5090452160301524 
67.26651717481833 54.11298316927193 45.4802598452189 42.212354566139425 34.95922618292037 27.926695488309555 19.87314313113647 15.876931865311244 18.52775238294567 13.092814698548068 11.62394654697916 10.204701328409424 9.199938518822448 7.550282100117931 6.135118646270739 4.993376652698175 3.9684880680031305 2.5556075940354708 
67.32583182335749 48.247283275823115 42.793377736930374 39.65168823084748 33.451252533207295 24.83005221186167 17.898973451709026 14.750892583499795 13.092814698548068 14.829934243996151 11.308093789798757 9.80691536311662 9.023488572292903 7.58273206732265 6.162185262668143 5.010940346005741 3.9688108136330165 2.483248235580901 
62.77255478956584 42.77883330193196 41.832497952963635 35.87907303938839 28.908813723330997 22.44399972649271 15.771529038571028 12.619548117334203 11.62394654697916 11.308093789798757 11.253800108329614 9.387306587776933 8.645878494512168 7.336187119884972 5.995727299728973 4.724842077026556 3.593301811848781 2.1689826981972296 
63.41729016704355 41.0564179317735 37.96700067657942 31.99840862008426 26.43989914094096 20.112630642936846 13.531900361431935 11.30102096262661 10.204701328409424 9.80691536311662 9.387306587776933 9.348529831716236 8.298270192226385 7.012277044439948 5.74047445536949 4.437134695925392 3.3945917008540594 1.993897380144284 
53.9714442310772 34.75023755368069 35.43571423721738 29.259486441120913 24.103271716849378 18.478675247841302 12.896679166246477 10.43042693314101 9.199938518822448 9.023488572292903 8.645878494512168 8.298270192226385 8.529607186668942 7.065156548701448 5.801280492382961 4.592520669753488 3.631707662175606 2.3512011209253267 
42.42428739920052 24.320685484775744 28.63358556231454 21.164482580091526 18.251376161836337 14.450131184129319 10.094890718518524 8.77855766328774 7.550282100117931 7.58273206732265 7.336187119884972 7.012277044439948 7.065156548701448 6.533907740673167 5.438645648420036 4.380690862990562 3.465431467989312 2.2734487959749776 
30.119925025867495 19.83566786055913 23.302247848091177 16.81686142826443 15.334725596802713 11.500390969751257 7.831035017206949 6.951076141691516 6.135118646270739 6.162185262668143 5.995727299728973 5.74047445536949 5.801280492382961 5.438645648420036 5.1016409512964636 4.198593599945456 3.3245541583748865 2.166900564231513 
21.033071404913116 16.04117256965843 18.21983120004211 12.535757878157733 11.79632072041426 8.980556429638664 6.28477932746279 5.542967815664029 4.993376652698175 5.010940346005741 4.724842077026556 4.437134695925392 4.592520669753488 4.380690862990562 4.198593599945456 3.965206760975068 3.298724684836678 2.2234684909377136 
11.154152795840844 8.42759998486057 13.293747327627187 8.741296997323182 8.606031333683255 7.076645976678575 4.737980502080083 4.034729175265812 3.9684880680031305 3.9688108136330165 3.593301811848781 3.3945917008540594 3.631707662175606 3.465431467989312 3.3245541583748865 3.298724684836678 3.3080901211654425 2.4972444510259084 
6.441310187643841 1.286077205184027 6.814268851255295 5.286741263933126 5.193372055029891 4.756828136683444 2.818258720714008 2.5090452160301524 2.5556075940354708 2.483248235580901 2.1689826981972296 1.993897380144284 2.3512011209253267 2.2734487959749776 2.166900564231513 2.2234684909377136 2.4972444510259084 2.5887296296221556 
