1283.9825894915473 671.4069381136953 466.194475929053 351.8486181079675 257.54537418438844 160.1872626406401 92.40363160039087 53.21318766546704 32.850457931516566 28.58115839042406 23.17681164929062 23.150609305762526 17.881119405292214 15.14082135496942 12.843947766130839 8.38647410954096 3.2872507699539932 0.532342977376866 
671.4069381136953 1051.6593493103376 545.7047832751455 432.6785022572955 326.52631208438453 202.6393603026723 110.20626555486531 75.70046517634916 50.9842611925831 41.307026214365315 30.225395777349984 27.62490177001954 22.623318661660687 15.252607189118843 11.395157660547662 7.604016857136132 3.624044982580657 0.8682803576999754 
466.194475929053 545.7047832751455 535.620453704521 338.50708658676075 256.49209629304426 157.13894123642848 89.18753503828333 54.793943520552446 41.07932499829769 30.617995639567656 20.667299486072963 19.69181374550382 14.201317580752923 10.8849753411853 9.796842337986073 7.279234681515153 3.0174314992179574 -0.08659465050229685 
351.8486181079675 432.6785022572955 338.50708658676075 317.08497607913466 218.6490418349866 140.32482426972186 79.03209733276535 48.32375518691576 33.08709135784887 26.368322279873667 18.947316022883445 17.452141678568573 12.766510416789892 9.749809524445725 8.374787940529409 7.023639074294933 4.1629018194672645 1.0816811518621414 
257.54537418438844 326.52631208438453 256.49209629304426 218.6490418349866 197.85860129442975 115.83994735118003 67.53912841905552 41.80967087959094 29.57048335864398 23.649639439288418 17.990045424313085 15.880436040766265 11.78545863819918 9.490821993847291 8.493110927822507 5.941209037016023 3.04867835770379 0.9759825284800022 
160.1872626406401 202.6393603026723 157.13894123642848 140.32482426972186 115.83994735118003 86.72800139801122 48.81585481840307 30.17845502325696 20.527429793129684 17.136139284481626 13.357625165040346 12.011419830072882 9.170210414763469 7.510775054390702 6.599433001229782 4.881019991694326 2.8973312222223835 1.350163160190517 
92.40363160039087 110.20626555486531 89.18753503828333 79.03209733276535 67.53912841905552 48.81585481840307 38.59856542153521 23.534808147870848 16.317057592901474 14.071229863063952 11.151781399063623 9.590734381629384 7.984330860705398 6.676149984920466 5.776799157895634 4.333851572128056 2.8771872994551475 1.5296987433507234 
53.21318766546704 75.70046517634916 54.793943520552446 48.32375518691576 41.80967087959094 30.17845502325696 23.534808147870848 20.620564787726344 13.678559650238869 11.562764449005424 9.242344004124464 8.38132001317853 7.3883342947579695 6.163060576084292 5.1992442171136455 3.9270631007143684 2.677487861077144 1.4787207329441054 
32.850457931516566 50.9842611925831 41.07932499829769 33.08709135784887 29.57048335864398 20.527429793129684 16.317057592901474 13.678559650238869 12.805313357797454 9.821452416913797 8.392646958418329 7.33979984907499 6.425205020696079 5.645963750559381 4.651472791485683 3.467555245087653 2.2470419946620073 1.371734870736533 
28.58115839042406 41.307026214365315 30.617995639567656 26.368322279873667 23.649639439288418 17.136139284481626 14.071229863063952 11.562764449005424 9.821452416913797 10.157693244593434 7.799224919750583 6.904464923475097 5.930606533691755 5.218458589860992 4.334006505844695 3.2892747698320295 2.2265366715644985 1.3161112406760198 
23.17681164929062 30.225395777349984 20.667299486072963 18.947316022883445 17.990045424313085 13.357625165040346 11.151781399063623 9.242344004124464 8.392646958418329 7.799224919750583 7.78106273531181 6.571638258081169 5.694081121099085 5.143406199139095 4.283671422478204 3.300592735216872 2.34923184655343 1.6526010213253748 
23.150609305762526 27.62490177001954 19.69181374550382 17.452141678568573 15.880436040766265 12.011419830072882 9.590734381629384 8.38132001317853 7.33979984907499 6.904464923475097 6.571638258081169 6.534857497756223 5.558066454982696 4.9428099981141616 4.113661881968369 3.177059897228154 2.2818660381148392 1.5730229686484818 
17.881119405292214 22.623318661660687 14.201317580752923 12.766510416789892 11.78545863819918 9.170210414763469 7.984330860705398 7.3883342947579695 6.425205020696079 5.930606533691755 5.694081121099085 5.558066454982696 5.429636306823201 4.792663440415343 4.0055113225443355 3.1848104057680526 2.391567355219439 1.6747442584938392 
15.14082135496942 15.252607189118843 10.8849753411853 9.749809524445725 9.490821993847291 7.510775054390702 6.676149984920466 6.163060576084292 5.645963750559381 5.218458589860992 5.143406199139095 4.9428099981141616 4.792663440415343 4.74079181058174 4.013092811195062 3.181629330417511 2.423059833646367 1.7962787565164757 
12.843947766130839 11.395157660547662 9.796842337986073 8.374787940529409 8.493110927822507 6.599433001229782 5.776799157895634 5.1992442171136455 4.651472791485683 4.334006505844695 4.283671422478204 4.113661881968369 4.0055113225443355 4.013092811195062 3.783740195114438 3.116582844320016 2.4122153376307356 1.8223535768345251 
8.38647410954096 7.604016857136132 7.279234681515153 7.023639074294933 5.941209037016023 4.881019991694326 4.333851572128056 3.9270631007143684 3.467555245087653 3.2892747698320295 3.300592735216872 3.177059897228154 3.1848104057680526 3.181629330417511 3.116582844320016 3.0174005430757544 2.4901155145382114 1.9364208580603872 
3.2872507699539932 3.624044982580657 3.0174314992179574 4.1629018194672645 3.04867835770379 2.8973312222223835 2.8771872994551475 2.677487861077144 2.2470419946620073 2.2265366715644985 2.34923184655343 2.2818660381148392 2.391567355219439 2.423059833646367 2.4122153376307356 2.4901155145382114 2.4764620593722246 2.1303649575227044 
0.532342977376866 0.8682803576999754 -0.08659465050229685 1.0816811518621414 0.9759825284800022 1.350163160190517 1.5296987433507234 1.4787207329441054 1.371734870736533 1.3161112406760198 1.6526010213253748 1.5730229686484818 1.6747442584938392 1.7962787565164757 1.8223535768345251 1.9364208580603872 2.1303649575227044 2.4233514043624402 
